285
378
553
1145
1346
1456
1531
1666
1711
1763
1813
1919
2154
2194
2394
2494
2704
2831
2901
2963
3045
3513
3578
3744
3860
3895
3919
3989
4032
4069
4227
4266
4332
4463
4544
4612
4672
4697
4726
4796
4900
4942
4979
5013
5079
5131
5292
5371
5430
5518
5579
5809
5844
6018
6048
6088
6128
6168
6208
6228
6268
6308
6348
6388
6488
6623
6670
6713
6753
6833
7013
7093
7131
7325
7500
7546
7613
7661
7732
7769
8024
8085
8091
8154
8945
9009
9080
9148
9379
9420
9468
9507
9575
9584
9719
9795
9850
9891
9987
10016
10081
10097
10125
10184
10234
10303
10339
10409
10453
10574
10612
10637
10842
10999
11312
11349
11524
11560
11612
11671
13942
14314
